
Welcome to NORVELL FOOTBALL. 🇺🇸 USA Government verified platform.

➡️ Launch 4 May 2024 ✅️

➡️ 3 to 4% of daily one plan and  get extra plan of 4% ✅️

➡️ First recharge bonus 5% and 2% referral bonus ✅️

➡️ Add 5 members and get 300 instantly everytime ✅️

➡️ Earn ₹1 to 50 every day by lucky wheel ✅️

➡️ LiveChat on Group @ 9 PM ✅️

➡️ Norvell Football 100% guaranteed wins. ✅️

➡️ https://www.norvell-football.com/access/signup?id=623423

 ✅️ Group Link https://t.me/+nWCcy72zlco5MmM1

 📞  Phone no: +917541883019

 नॉरवेल फ़ुटबॉल में आपका स्वागत है। 🇺🇸यूएसए सरकार द्वारा सत्यापित मंच।

➡️ लॉन्च 4 मई 2024 ✅️

➡️ रोजाना एक प्लान का 3 से 4% और 4% का एक्स्ट्रा प्लान पाएं✅️

➡️ पहला रिचार्ज बोनस 5% और 2% रेफरल बोनस✅️

➡️ 5 सदस्य जोड़ें और हर बार तुरंत 300 प्राप्त करें ✅️

➡️ लकी व्हील द्वारा हर दिन ₹1 से 50 कमाएँ Free ✅️

➡️ रात 9 बजे ग्रुप पर लाइवचैट ✅️

➡️ Norvell Football 100% guaranteed wins. ✅️

➡️ https://www.norvell-football.com/access/signup?id=623423 

 ✅️ Group Link https://t.me/+nWCcy72zlco5MmM1

 📞  शामिल होने के लिए कॉल करें +917541883019


9798836519
9798918884
9799142042
9799337252
9799431984
9801022474
9801658465
9801843610
9805154196
9805207253
9805508493
9807738726
9807870876
9807974576
9808003888
9808983235
9810248965
9810483498
9810652079
9810839516
9810873130
9810898121
9811548085
9811899932
9811912928
9812178986
9812235917
9812576155
9813563747
9814574809
9815034192
9815340862
9815864137
9815972497
9817076385
9817265800
9817332615
9817340753
9817699193
9817833079
9818047261
9818062900
9818140807
9818145452
9818221024
9818272760
9818333543
9818619245
9819048117
9819159680
9821074034
9825565440
9826295450
9826307542
9827138141
9827464296
9827780335
9827903476
9828338755
9830642272
9830719564
9830724732
9830736198
9830984468
9831175591
9831482308
9832560059
9832870992
9832992990
9833201570
9833355728
9833909009
9834894586
9835015621
9835019871
9835309310
9835401404
9835425500
9835542939
9835766762
9835975128
9836612833
9838558558
9839107200
9839357766
9839422564
9842213234
9842620118
9843936283
9844073051
9847564735
9848374246
9848624666
9849102964
9849103367
9849873448
9849928590
9850808236
9851383888
9851545658
9852625111
9852980271
9853600383
9853998420
9855961156
9860458292
9861036668
9861217911
9861363556
9861783373
9862152990
9862247614
9862308280
9862664529
9862681526
9862878216
9862880036
9863010887
9863105478
9863230778
9863302989
9863335183
9863525246
9863541912
9863604071
9863627071
9863842190
9863915723
9864163082
9864290603
9864293281
9864389276
9864763486
9867087810
9868551136
9870493005
9870700337
9870832987
9871214319
9871215144
9871347141
9871413820
9871563055
9871713080
9871747209
9871774285
9871871921
9871955917
9873076647
9873133715
9873255355
9873449176
9873555518
9873674873
9873723482
9874976750
9875462259
9877048982
9877468934
9878651760
9878679157
9878809843
9880475271
9884110093
9885079849
9885138443
9885188349
9885871944
9886688713
9887423352
9887441986
9887870939
9888074235
9888339454
9888383546
9888809553
9889267985
9890521913
9890987127
9891067195
9891217932
9891360811
9891443512
9891534900
9891541389
9895637316
9896404169
9896406766
9896474135
9897849963
9898473637
9898802551
9898873404
9899258232
9899323657
9899677809
9899720671
9899735370
9899789270
9899941614
9900667213
9901170249
9901365373
9902916835
9903514600
9905020276
9905062850
9905106667
9905119110
9905372894
9905428695
9905544607
9905610001
9905872356
9905878929
9905993787
9907190358
9907811914
9908369694
9910128908
9910166206
9910190853
9910297482
9910369578
9910410460
9910672966
9910704176
9910961173
9911020452
9911148965
9911268777
9911555298
9911588664
9911670547
9911674686
9911685806
9912339456
9913127132
9913768797
9913930180
9914204818
9914850974
9917021272
9917325872
9917713668
9917840716
9918446008
9918494677
9919923065
9920399196
9922585821
9923235267
9927433975
9927838400
9928129884
9928933627
9929362920
9930033065
9930227207
9930476944
9931066974
9931088236
9931138722
9931181877
9931182651
9931185114
9931199472
9931320389
9931704048
9931782356
9932557844
9932816679
9932833707
9934356088
9934450938
9934455175
9934555986
9934668613
9934767633
9934876760
9935195171
9936887934
9936931482
9937833481
9939122169
9939357213
9939383527
9939402350
9939409013
9939553447
9939634309
9939655159
9939684981
9939700144
9939719925
9939748628
9939795873
9939885510
9943122536
9943310813
9944205074
9945010722
9945807853
9948200431
9948246779
9950756195
9952374631
9953041215
9953565034
9953637899
9953822605
9953915018
9953919245
9954236356
9955009247
9955282658
9955352587
9955422415
9955424359
9955438618
9955584806
9955674684
9955839725
9956193082
9956492882
9957038922
9957082913
9957642482
9958110528
9958198219
9958210551
9958395090
9958406208
9958480978
9958728594
9958735900
9958763901
9959129026
9959298891
9959427119
9960090505
9960479945
9960782927
9964666890
9964805248
9966447455
9966881472
9966898516
9966941633
9968244005
9970018329
9970228515
9970304272
9970427767
9971119438
9971234504
9971243469
9971415075
9971722921
9971746334
9971948975
9972414018
9972460765
9972891620
9972940717
9973215445
9973429785
9973667801
9973675516
9973681854
9973769447
9973771889
9973786532
9973842323
9974413127
9974899570
9975628108
9977169197
9977439476
9980357565
9983714914
9983886284
9985077342
9985686871
9986168377
9988843424
9989183733
9989493575
9989900409
9990013608
9990096149
9990149276
9990208113
9990512232
9990628037
9990739880
9990840160
9990855572
9990872339
9990882948
9990956509
9990958412
9990988878
9991127483
9991717180
9992305243
9992337504
9992352850
9992466466
9992520020
9992887445
9993629242
9993993391
9994455220
9994836401
9994871517
9996041399
9996403791
9996587647
9996664076
9998038256
9998263316
9998405498
9999063819
9999317586
9999415496
9999425139
9999655130
9999961868
9999999998
9999999999